frequency_Hz,amplitude
0.0,4.944097431805461e-16
5.0000000000000006e+17,1.1954796394825878e+17
1.0000000000000001e+18,8.427751517964374e+16
1.5000000000000003e+18,4.399416390655539e+16
2.0000000000000003e+18,1.4165551351068656e+16
2.5000000000000005e+18,1159669904079815.8
3.0000000000000005e+18,1003464493111221.8
3.5000000000000005e+18,4886939712171166.0
4.0000000000000005e+18,6233315925098109.0
4.5000000000000005e+18,4029266424732151.0
5.000000000000001e+18,1074575397622380.0
5.500000000000001e+18,3538408005882.2876
6.000000000000001e+18,911706278775704.8
6.500000000000001e+18,2043183287581632.8
7.000000000000001e+18,1988875460109106.2
7.500000000000001e+18,944040351747625.4
8.000000000000001e+18,87608151041786.52
8.500000000000001e+18,151392927035213.72
9.000000000000001e+18,773811959036024.1
9.500000000000002e+18,1104600930190242.4
1.0000000000000002e+19,783045912077363.6
1.0500000000000002e+19,215792202546506.72
1.1000000000000002e+19,3565312291673.5415
1.1500000000000002e+19,269512265923204.97
1.2000000000000002e+19,609189426605348.5
1.2500000000000002e+19,609077602563100.1
1.3000000000000002e+19,291340896362686.06
1.3500000000000002e+19,22689580947160.625
1.4000000000000002e+19,66110391429674.305
1.4500000000000002e+19,309575052323398.5
1.5000000000000002e+19,439467318161865.44
1.5500000000000002e+19,309970910732743.7
1.6000000000000002e+19,80924145171498.16
1.6500000000000002e+19,3607397636724.9224
1.7000000000000002e+19,132656776387973.42
1.7500000000000002e+19,288928625259399.3
1.8000000000000002e+19,284513330307187.2
1.8500000000000004e+19,131870397242905.78
1.9000000000000004e+19,7939769927586.189
1.9500000000000004e+19,39670856871656.195
2.0000000000000004e+19,167733602263191.94
2.0500000000000004e+19,231642711305271.16
2.1000000000000004e+19,159110862757895.78
2.1500000000000004e+19,38291409082921.34
2.2000000000000004e+19,3661063510980.2803
2.2500000000000004e+19,80791291227088.14
2.3000000000000004e+19,167555097768992.44
2.3500000000000004e+19,160385464697352.47
2.4000000000000004e+19,70957286056026.38
2.4500000000000004e+19,3061974570315.615
2.5000000000000004e+19,27709333762281.52
2.5500000000000004e+19,105661415998475.6
2.6000000000000004e+19,140764436142032.88
2.6500000000000004e+19,93257307138748.77
2.7000000000000004e+19,20312331287860.28
2.7500000000000004e+19,3721778299517.8394
2.8000000000000004e+19,55269337477975.76
2.8500000000000004e+19,108614700130104.28
2.9000000000000004e+19,100394640872827.45
2.9500000000000004e+19,41991234585472.38
3.0000000000000004e+19,1209807585236.42
3.0500000000000004e+19,21130734026033.09
3.1000000000000004e+19,72784272648518.33
3.1500000000000004e+19,93104720069758.69
3.2000000000000004e+19,59121259089580.15
3.2500000000000004e+19,11462185393428.227
3.3000000000000004e+19,3784506740394.5376
3.3500000000000004e+19,40659967722987.46
3.4000000000000004e+19,75511893920252.42
3.4500000000000004e+19,67095884808874.56
3.5000000000000004e+19,26319005044011.082
3.5500000000000004e+19,519365235822.9074
3.6000000000000004e+19,17049525865982.18
3.6500000000000004e+19,53168072725702.2
3.700000000000001e+19,65091607674273.65
3.750000000000001e+19,39414363567757.805
3.800000000000001e+19,6692198648889.242
3.850000000000001e+19,3844146700072.4927
3.900000000000001e+19,31425486442695.2
3.950000000000001e+19,55054449139236.914
4.000000000000001e+19,46853109617937.38
4.050000000000001e+19,17105514696445.375
4.100000000000001e+19,335719802280.24164
4.150000000000001e+19,14298995648321.97
4.200000000000001e+19,40470332277408.55
4.250000000000001e+19,47293396232198.95
4.300000000000001e+19,27179817019455.01
4.350000000000001e+19,3982942262571.3794
4.400000000000001e+19,3895942310753.1323
4.450000000000001e+19,25162695203516.867
4.500000000000001e+19,41528969388341.39
4.550000000000001e+19,33738831153824.125
4.600000000000001e+19,11379295729136.908
4.650000000000001e+19,387783593850.9952
4.700000000000001e+19,12327105876580.844
4.750000000000001e+19,31748630980165.773
4.800000000000001e+19,35332411674003.17
4.850000000000001e+19,19185105904211.94
4.900000000000001e+19,2405716670599.301
4.950000000000001e+19,3935787852880.7183
5.000000000000001e+19,20684220684874.03
5.050000000000001e+19,32127758501525.797
5.100000000000001e+19,24839498413685.14
5.150000000000001e+19,7684446010508.968
5.200000000000001e+19,549694948365.1428
5.250000000000001e+19,10842186555768.365
5.300000000000001e+19,25480940064482.465
5.350000000000001e+19,26948972774597.484
5.400000000000001e+19,13764139016315.111
5.450000000000001e+19,1487973863359.1633
5.500000000000001e+19,3960434404522.5776
5.550000000000001e+19,17345349647055.084
5.600000000000001e+19,25336954214221.742
5.650000000000001e+19,18586928127781.156
5.700000000000001e+19,5241389717462.987
5.750000000000001e+19,757949704656.22
5.800000000000001e+19,9677182833751.16
5.850000000000001e+19,20813167870792.59
5.900000000000001e+19,20879434067049.68
5.950000000000001e+19,9988027370430.285
6.000000000000001e+19,970123969421.7612
6.050000000000001e+19,3967584245634.308
6.100000000000001e+19,14770132889861.357
6.150000000000001e+19,20280267572367.055
6.200000000000001e+19,14075980828779.688
6.250000000000001e+19,3603090333128.8857
6.300000000000001e+19,978598242676.253
6.350000000000001e+19,8730515008827.637
6.400000000000001e+19,17234891942510.795
6.450000000000001e+19,16371624334799.137
6.500000000000001e+19,7306064754340.812
6.550000000000001e+19,700856140198.9619
6.600000000000001e+19,3955889920833.042
6.650000000000001e+19,12726882864243.531
6.700000000000001e+19,16421289758714.445
6.750000000000001e+19,10754487069715.662
6.800000000000001e+19,2498928705203.4346
6.850000000000001e+19,1192873289833.0317
6.900000000000001e+19,7937600273358.503
6.950000000000001e+19,14425456330436.762
7.000000000000001e+19,12954882928367.186
7.050000000000001e+19,5375264750704.795
7.100000000000001e+19,587798789381.7882
7.150000000000001e+19,3924872037728.1665
7.200000000000001e+19,11066455627556.686
7.250000000000001e+19,13416537680660.666
7.300000000000001e+19,8270171660049.212
7.350000000000001e+19,1757794602409.8176
7.400000000000002e+19,1390345390719.9556
7.450000000000002e+19,7256005836056.838
7.500000000000002e+19,12175133393486.951
7.550000000000002e+19,10322455810781.09
7.600000000000002e+19,3973268351840.956
7.650000000000002e+19,572518422419.0972
7.700000000000002e+19,3874799600135.0137
7.750000000000002e+19,9689438804173.488
7.800000000000002e+19,11037787730412.016
7.850000000000002e+19,6389848785160.615
7.900000000000002e+19,1267612029164.8088
7.950000000000002e+19,1565424268720.5603
8.000000000000002e+19,6657185440186.82
8.050000000000002e+19,10342135991497.77
8.100000000000002e+19,8267549456140.827
8.150000000000002e+19,2951065781533.796
8.200000000000002e+19,617039893484.022
8.250000000000002e+19,3806532991611.7305
8.300000000000002e+19,8527655348752.474
8.350000000000002e+19,9128647538936.95
8.400000000000002e+19,4954338965369.972
8.450000000000002e+19,952832512350.0167
8.500000000000002e+19,1715439490252.8186
8.550000000000002e+19,6121593664471.643
8.600000000000002e+19,8827897494402.56
8.650000000000002e+19,6646718836684.066
8.700000000000002e+19,2205997127824.14
8.750000000000002e+19,696201877748.7391
8.800000000000002e+19,3721369671934.219
8.850000000000002e+19,7533216315887.093
8.900000000000002e+19,7579083286185.231
8.950000000000002e+19,3852099315805.3926
9.000000000000002e+19,761315936715.7511
9.050000000000002e+19,1839529956941.7698
9.100000000000002e+19,5635672527304.01
9.150000000000002e+19,7562227183697.1875
9.200000000000002e+19,5357980229687.233
9.250000000000002e+19,1665654869443.79
9.300000000000002e+19,793128175589.533
9.350000000000002e+19,3620915308682.965
9.400000000000002e+19,6671789568789.797
9.450000000000002e+19,6309883832749.39
9.500000000000002e+19,3003183019684.5483
9.550000000000002e+19,656375089658.6694
9.600000000000002e+19,1937973030029.4065
9.650000000000002e+19,5189933797379.545
9.700000000000002e+19,6494079266473.163
9.750000000000002e+19,4327255968841.4863
9.800000000000002e+19,1277935333257.5083
9.850000000000002e+19,896431367600.5829
9.900000000000002e+19,3506953383024.734
9.950000000000002e+19,5918289842229.384
1.0000000000000002e+20,5262839677926.812
1.0050000000000002e+20,2349141086081.622
1.0100000000000002e+20,611785749205.1162
1.0150000000000002e+20,2011757000800.2468
1.0200000000000002e+20,4777678698974.551
1.0250000000000002e+20,5585595081048.469
1.0300000000000002e+20,3499679949065.379
1.0350000000000002e+20,1004682190294.6151
1.0400000000000002e+20,998444097383.8221
1.0450000000000002e+20,3381361004637.434
1.0500000000000002e+20,5254071323874.793
1.0550000000000002e+20,4394368931552.457
1.0600000000000002e+20,1846479016915.0735
1.0650000000000002e+20,608561868183.0659
1.0700000000000002e+20,2062309204046.675
1.0750000000000002e+20,4394149997325.8813
1.0800000000000002e+20,4808192240259.268
1.0850000000000002e+20,2833902201011.2026
1.0900000000000002e+20,817528663875.7802
1.0950000000000002e+20,1094061963403.9575
1.1000000000000002e+20,3246031982661.1797
1.1050000000000002e+20,4665031418729.299
1.1100000000000002e+20,3671263965003.7544
1.1150000000000002e+20,1462309388985.7205
1.1200000000000002e+20,632822810698.4998
1.1250000000000002e+20,2091316467071.0974
1.1300000000000002e+20,4035942276244.326
1.1350000000000002e+20,4139910549516.3423
1.1400000000000002e+20,2298243649420.944
1.1450000000000002e+20,695100934651.0508
1.1500000000000002e+20,1179976070788.9385
1.1550000000000002e+20,3102834336571.2705
1.1600000000000002e+20,4140329496103.051
1.1650000000000002e+20,3067808747605.998
1.1700000000000002e+20,1171405113746.584
1.1750000000000002e+20,674351029188.5078
1.1800000000000002e+20,2100608001577.8567
1.1850000000000002e+20,3700599690445.3555
1.1900000000000002e+20,3563598092743.526
1.1950000000000002e+20,1868069313350.1904
1.2000000000000002e+20,621109765534.755
1.2050000000000002e+20,1254149834037.845
1.2100000000000002e+20,2953572761072.6816
1.2150000000000002e+20,3671487047317.9478
1.2200000000000002e+20,2563775256279.8096
1.2250000000000002e+20,954160179173.5022
1.2300000000000002e+20,725601179943.2463
1.2350000000000002e+20,2092082182947.6802
1.2400000000000002e+20,3386337224361.1064
1.2450000000000002e+20,3065644047129.2847
1.2500000000000002e+20,1523954457656.8813
1.2550000000000002e+20,583022641025.6865
1.2600000000000002e+20,1315463882296.2915
1.2650000000000002e+20,2799974604124.8096
1.2700000000000002e+20,3251766734467.766
1.2750000000000002e+20,2143023261235.457
1.2800000000000002e+20,795159007965.451
1.2850000000000002e+20,781001702237.4333
1.2900000000000002e+20,2067649987834.6355
1.2950000000000002e+20,3091836729115.8477
1.3000000000000002e+20,2635077046381.168
1.3050000000000002e+20,1250383787924.1125
1.3100000000000002e+20,571120275705.3314
1.3150000000000002e+20,1363456503939.734
1.3200000000000002e+20,2643664174231.401
1.3250000000000002e+20,2875710436691.9653
1.3300000000000002e+20,1792487047975.5735
1.3350000000000002e+20,682151805299.1859
1.3400000000000002e+20,836463228396.7052
1.3450000000000002e+20,2029205895677.9526
1.3500000000000002e+20,2816108237760.9004
1.3550000000000002e+20,2262919808081.1743
1.3600000000000002e+20,1034817280893.7228
1.3650000000000002e+20,577824194131.0994
1.3700000000000002e+20,1398152618465.8972
1.3750000000000002e+20,2486167318855.9185
1.3800000000000002e+20,2538828957402.423
1.3850000000000002e+20,1501459056042.1565
1.3900000000000002e+20,605318688122.003
1.3950000000000002e+20,889019875283.5955
1.4000000000000002e+20,1978601759218.4294
1.4050000000000002e+20,2558386855505.431
1.4100000000000002e+20,1941721209436.9448
1.4150000000000002e+20,867011711158.1488
1.4200000000000002e+20,597203233694.8843
1.4250000000000002e+20,1419927808341.0576
1.4300000000000002e+20,2328898020323.5347
1.4350000000000002e+20,2237358637801.946
1.4400000000000002e+20,1261054822472.9333
1.4450000000000002e+20,556727403242.7618
1.4500000000000002e+20,936568110279.6652
1.4550000000000002e+20,1917630042920.5217
1.4600000000000002e+20,2318056532159.485
1.4650000000000002e+20,1665208722969.8298
1.4700000000000002e+20,738517705130.7661
1.4750000000000002e+20,624609869689.8234
1.4800000000000003e+20,1429412846691.5942
1.4850000000000003e+20,2173156375762.3892
1.4900000000000003e+20,1968088745751.0234
1.4950000000000003e+20,1063820867701.2621
1.5000000000000003e+20,529931619409.63605
1.5050000000000003e+20,977671349046.7693
1.5100000000000003e+20,1848010525413.5588
1.5150000000000003e+20,2094594800562.7368
1.5200000000000003e+20,1428032950985.5906
1.5250000000000003e+20,642308534746.7386
1.5300000000000003e+20,656411575943.669
1.5350000000000003e+20,1427423730558.0098
1.5400000000000003e+20,2020127124468.2202
1.5450000000000003e+20,1728230989869.937
1.5500000000000003e+20,903438396112.5731
1.5550000000000003e+20,519666881776.00476
1.5600000000000003e+20,1011412041539.665
1.5650000000000003e+20,1771381852290.6511
1.5700000000000003e+20,1887534445991.5432
1.5750000000000003e+20,1225576906618.872
1.5800000000000003e+20,572497282076.3403
1.5850000000000003e+20,689780430892.7188
1.5900000000000003e+20,1414900228677.3809
1.5950000000000003e+20,1870873931040.898
1.6000000000000003e+20,1515322426193.6892
1.6050000000000003e+20,774504546313.5641
1.6100000000000003e+20,521624843864.54266
1.6150000000000003e+20,1037279241091.3109
1.6200000000000003e+20,1689289715339.4912
1.6250000000000003e+20,1696427105556.2776
1.6300000000000003e+20,1053806437878.8118
1.6350000000000003e+20,524122894332.8481
1.6400000000000003e+20,722539882076.717
1.6450000000000003e+20,1392868212262.2212
1.6500000000000003e+20,1726341157467.0605
1.6550000000000003e+20,1327150702346.4763
1.6600000000000003e+20,672358479474.589
1.6650000000000003e+20,532272910078.3213
1.6700000000000003e+20,1055080282130.9445
1.6750000000000003e+20,1603183536413.678
1.6800000000000003e+20,1520825385887.285
1.6850000000000003e+20,909162295036.0146
1.6900000000000003e+20,492984224380.02734
1.6950000000000003e+20,753038015371.4379
1.7000000000000003e+20,1362401137254.159
1.7050000000000003e+20,1587351815343.6123
1.7100000000000003e+20,1161700711456.8657
1.7150000000000003e+20,592954947785.3726
1.7200000000000003e+20,548720100123.0206
1.7250000000000003e+20,1064871854863.6711
1.7300000000000003e+20,1514408826700.95
1.7350000000000003e+20,1360263548956.9414
1.7400000000000003e+20,788474073305.1193
1.7450000000000003e+20,475512907940.9294
1.7500000000000003e+20,780053321301.1857
1.7550000000000003e+20,1324594066052.48
1.7600000000000003e+20,1454607098178.7302
1.7650000000000003e+20,1017110268758.8639
1.7700000000000003e+20,532760475537.15405
1.7750000000000003e+20,568608101883.7328
1.7800000000000003e+20,1066906129232.1414
1.7850000000000003e+20,1424205777308.667
1.7900000000000003e+20,1214248344088.5894
1.7950000000000003e+20,688895785172.6207
1.8000000000000003e+20,468672031701.769
1.8050000000000003e+20,802717038254.0454
1.8100000000000003e+20,1280542074445.9695
1.8150000000000003e+20,1328689637244.7046
1.8200000000000003e+20,891641569300.6058
1.8250000000000003e+20,488676132618.239
1.8300000000000003e+20,590025295042.6139
1.8350000000000003e+20,1061584573642.028
1.8400000000000003e+20,1333704373196.5881
1.8450000000000003e+20,1082250493996.6664
1.8500000000000003e+20,607856052714.2141
1.8550000000000003e+20,469877700605.03754
1.8600000000000003e+20,820452645460.3966
1.8650000000000003e+20,1231323272766.3218
1.8700000000000003e+20,1210065840782.817
1.8750000000000003e+20,783658198679.7021
1.8800000000000003e+20,457976124374.88696
1.8850000000000003e+20,611439583760.2572
1.8900000000000003e+20,1049424680905.0366
1.8950000000000003e+20,1243925875621.0605
1.9000000000000003e+20,963702831979.2052
1.9050000000000003e+20,543020151195.8426
1.9100000000000003e+20,476934542867.1252
1.9150000000000003e+20,832924419073.5752
1.9200000000000003e+20,1177984102087.5618
1.9250000000000003e+20,1099089474419.247
1.9300000000000003e+20,691608982301.9438
1.9350000000000003e+20,438258317284.4831
1.9400000000000003e+20,631640989914.317
1.9450000000000003e+20,1031028636805.8182
1.9500000000000003e+20,1155781148271.6963
1.9550000000000003e+20,857998598400.5684
1.9600000000000003e+20,492260646715.5931
1.9650000000000003e+20,487984866950.43756
1.9700000000000003e+20,839996963084.624
1.9750000000000003e+20,1121529291349.091
1.9800000000000003e+20,996007359197.3243
1.9850000000000003e+20,614017592166.3484
1.9900000000000003e+20,427405677508.0357
1.9950000000000003e+20,649695987126.1572
2.0000000000000003e+20,1007059825080.408
2.0050000000000003e+20,1070073039520.6348
2.0100000000000003e+20,764494073506.4602
2.0150000000000003e+20,453635145164.1578
2.0200000000000003e+20,501465406185.7587
2.0250000000000003e+20,841698585291.5795
2.0300000000000003e+20,1062911180734.449
2.0350000000000003e+20,900964094149.3948
2.0400000000000003e+20,549475460070.8542
2.0450000000000003e+20,423555255545.88904
2.0500000000000003e+20,664908908828.5579
2.0550000000000003e+20,978221735151.0552
2.0600000000000003e+20,987497401850.798
2.0650000000000003e+20,682511107915.4675
2.0700000000000003e+20,425369058190.84863
2.0750000000000003e+20,516073134062.00006
2.0800000000000003e+20,838193369226.5573
2.0850000000000003e+20,1003024281805.6339
2.0900000000000003e+20,814009414191.308
2.0950000000000003e+20,496637656314.59424
2.1000000000000003e+20,425071883538.45575
2.1050000000000003e+20,676788609899.9563
2.1100000000000003e+20,945240985512.0446
2.1150000000000003e+20,908647237355.6869
2.1200000000000003e+20,611343296501.7819
2.1250000000000003e+20,405842952278.66046
2.1300000000000003e+20,530734859842.8689
2.1350000000000003e+20,829754233708.7806
2.1400000000000003e+20,942698523344.1143
2.1450000000000003e+20,735104988965.4485
2.1500000000000003e+20,454221506848.74286
2.1550000000000003e+20,430526943899.01245
2.1600000000000003e+20,685018618929.085
2.1650000000000003e+20,908849207351.6888
2.1700000000000003e+20,834012070830.1664
2.1750000000000003e+20,550258017949.2194
2.1800000000000003e+20,393579988583.08563
2.1850000000000003e+20,544580901881.2651
2.1900000000000003e+20,816740657425.6052
2.1950000000000003e+20,882694686915.0571
2.2000000000000003e+20,664130930771.0819
2.2050000000000003e+20,421005040345.77985
2.2100000000000003e+20,438679669712.67285
2.2150000000000003e+20,689433113101.0637
2.2200000000000003e+20,869772850905.0348
2.2250000000000003e+20,763985786497.7825
2.2300000000000003e+20,498506345528.7185
2.2350000000000003e+20,387239689125.96204
2.2400000000000003e+20,556922594935.9521
2.2450000000000003e+20,799577511458.233
2.2500000000000003e+20,823699518373.7367
2.2550000000000003e+20,600892838418.9463
2.2600000000000003e+20,395828153621.4814
2.2650000000000003e+20,448462107267.70746
2.2700000000000003e+20,689994390584.8201
2.2750000000000003e+20,828720078949.4701
2.2800000000000003e+20,698868074292.3031
2.2850000000000003e+20,455326806234.5052
2.2900000000000003e+20,385609421108.3639
2.2950000000000003e+20,567232182161.0765
2.3000000000000003e+20,778738677851.4624
2.3050000000000003e+20,766324924607.295
2.3100000000000003e+20,545130710971.87
2.3150000000000003e+20,377594064447.31793
2.3200000000000003e+20,458964277704.1724
2.3250000000000003e+20,686771356021.3649
2.3300000000000003e+20,786369517433.4807
2.3350000000000003e+20,638868359382.5587
2.3400000000000003e+20,419952133289.13776
2.3450000000000003e+20,387598968548.3712
2.3500000000000003e+20,575124790619.5853
2.3550000000000003e+20,754730534513.2799
2.3600000000000003e+20,711104744176.4637
2.3650000000000003e+20,496524799808.2942
2.3700000000000003e+20,365269463144.25916
2.3750000000000003e+20,469421044739.90955
2.3800000000000003e+20,679921787625.8036
2.3850000000000003e+20,743362605832.8632
2.3900000000000003e+20,584111496976.0524
2.3950000000000003e+20,391616089772.12646
2.4000000000000003e+20,392234881962.75464
2.4050000000000003e+20,580341079353.9762
2.4100000000000003e+20,728077137230.27
2.4150000000000003e+20,658493754244.7965
2.4200000000000003e+20,454704030925.8125
2.4250000000000003e+20,357887788883.0162
2.4300000000000003e+20,479202583407.94696
2.4350000000000003e+20,669677779754.0492
2.4400000000000003e+20,700297562616.1646
2.4450000000000003e+20,534643418033.112
2.4500000000000003e+20,369560018636.1688
2.4550000000000003e+20,398656265173.51855
2.4600000000000003e+20,582733689850.0703
2.4650000000000003e+20,699310157969.2322
2.4700000000000003e+20,608869948079.1907
2.4750000000000003e+20,419254663103.2001
2.4800000000000003e+20,354550093948.0462
2.4850000000000003e+20,487801476602.44543
2.4900000000000003e+20,656328358108.7667
2.4950000000000003e+20,657721502321.432
2.5000000000000003e+20,490435524147.52673
2.5050000000000003e+20,353038248815.09875
2.5100000000000003e+20,406109194324.86896
2.5150000000000003e+20,582251755006.9846
2.5200000000000003e+20,668956007177.2775
2.5250000000000003e+20,562533472686.06
2.5300000000000003e+20,389726524528.2648
2.5350000000000003e+20,354426318919.178
2.5400000000000003e+20,494823925004.22375
2.5450000000000003e+20,640208694768.6024
2.5500000000000003e+20,616128997705.8256
2.5550000000000003e+20,451393320262.22437
2.5600000000000003e+20,341325652948.63873
2.5650000000000003e+20,413943162438.95605
2.5700000000000003e+20,578929176662.4077
2.5750000000000003e+20,637528540182.7463
2.5800000000000003e+20,519711249872.9324
2.5850000000000003e+20,365643003437.4787
2.5900000000000003e+20,356757462774.9599
2.5950000000000003e+20,499979363013.1167
2.6000000000000003e+20,621686167186.921
2.6050000000000003e+20,575956777214.1162
2.6100000000000003e+20,417361232883.82556
2.6150000000000003e+20,333722198644.73376
2.6200000000000003e+20,421605704386.6159
2.6250000000000003e+20,572871718124.0212
2.6300000000000003e+20,605519913357.105
2.6350000000000003e+20,480558224978.37695
2.6400000000000003e+20,346506913482.061
2.6450000000000003e+20,360855073361.6751
2.6500000000000003e+20,503070751571.69617
2.6550000000000003e+20,601150329552.1362
2.6600000000000003e+20,537583363941.8519
2.6650000000000003e+20,388130892145.5579
2.6700000000000003e+20,329558656982.9528
2.6750000000000003e+20,428637099749.72974
2.6800000000000003e+20,564244983419.4888
2.6850000000000003e+20,573393999102.3641
2.6900000000000003e+20,445162219415.4804
2.6950000000000003e+20,331809726129.17126
2.7000000000000003e+20,366102938414.55
2.7050000000000003e+20,503985596311.95013
2.7100000000000003e+20,579002182918.7139
2.7150000000000003e+20,501326931313.5735
2.7200000000000003e+20,363447441160.06274
2.7250000000000003e+20,328201474193.1814
2.7300000000000003e+20,434666218149.2972
2.7350000000000003e+20,553264862960.7034
2.7400000000000003e+20,541581576971.9621
2.7450000000000003e+20,413548094191.11707
2.7500000000000003e+20,321037846806.8833
2.7550000000000003e+20,371955820907.06287
2.7600000000000003e+20,502686485215.4294
2.7650000000000003e+20,555645941477.5084
2.7700000000000003e+20,467446715748.0535
2.7750000000000003e+20,343017825075.4679
2.7800000000000003e+20,329056886244.91675
2.7850000000000003e+20,439403904253.77423
2.7900000000000003e+20,540185851942.4254
2.7950000000000003e+20,510475033460.1865
2.8000000000000003e+20,385682917906.7649
2.8050000000000003e+20,313680394648.1058
2.8100000000000003e+20,377939270754.9856
2.8150000000000003e+20,499201806371.3104
2.8200000000000003e+20,531479984974.74854
2.8250000000000003e+20,436142892888.25305
2.8300000000000003e+20,326517617292.48944
2.8350000000000003e+20,331574750697.90247
2.8400000000000003e+20,442637845200.0564
2.8450000000000003e+20,525291910772.6408
2.8500000000000003e+20,480424958871.2598
2.8550000000000003e+20,361481082236.3909
2.8600000000000003e+20,309235331089.7345
2.8650000000000003e+20,383647962686.2416
2.8700000000000003e+20,493616736905.8418
2.8750000000000003e+20,506889726757.55975
2.8800000000000003e+20,407558421455.61127
2.8850000000000003e+20,313598379465.424
2.8900000000000003e+20,335251452495.41675
2.8950000000000003e+20,444226267161.6688
2.9000000000000003e+20,508886973045.62445
2.9050000000000003e+20,451737138682.0118
2.9100000000000003e+20,340809751549.3289
2.9150000000000003e+20,307215450860.6244
2.9200000000000003e+20,388743875836.73096
2.9250000000000003e+20,486064681183.6672
2.9300000000000003e+20,482241436154.1972
2.9350000000000003e+20,381781546255.1644
2.9400000000000003e+20,303894841938.42
2.9450000000000003e+20,339632216033.1064
2.9500000000000003e+20,444091592141.72516
2.9550000000000007e+20,491286383679.38196
2.9600000000000007e+20,424670820396.79987
2.9650000000000007e+20,323494959900.1236
2.9700000000000007e+20,307154130151.27246
2.9750000000000007e+20,392953988727.651
2.9800000000000007e+20,476718688193.0288
2.9850000000000007e+20,457876418283.287
2.9900000000000007e+20,358848340720.82324
2.9950000000000007e+20,297031465794.093
3.0000000000000007e+20,344312695636.7216
3.0050000000000007e+20,442214121645.035
3.0100000000000007e+20,472809208977.1519
3.0150000000000007e+20,399437817266.37665
3.0200000000000007e+20,309327603856.72675
3.0250000000000007e+20,308610162477.0109
3.0300000000000007e+20,396067354025.3252
3.0350000000000007e+20,465783434520.4981
3.0400000000000007e+20,434106670692.2636
3.0450000000000007e+20,338746533429.8105
3.0500000000000007e+20,292629401985.1085
3.0550000000000007e+20,348940506601.91394
3.0600000000000007e+20,438626149143.02966
3.0650000000000007e+20,453771734217.58105
3.0700000000000007e+20,376202791992.59735
3.0750000000000007e+20,298069685769.49207
3.0800000000000007e+20,311171913227.22797
3.0850000000000007e+20,397931471890.76056
3.0900000000000007e+20,453487218979.04956
3.0950000000000007e+20,411210909743.9191
3.1000000000000007e+20,321418953652.51355
3.1050000000000007e+20,290311662234.5773
3.1100000000000007e+20,353214079659.67065
3.1150000000000007e+20,433403675432.6279
3.1200000000000007e+20,434479547176.3121
3.1250000000000007e+20,355082905874.85406
3.1300000000000007e+20,289460192375.98395
3.1350000000000007e+20,314461339514.92255
3.1400000000000007e+20,398449163014.4912
3.1450000000000007e+20,440075239487.2673
3.1500000000000007e+20,389432204175.3829
3.1550000000000007e+20,306768421398.61847
3.1600000000000007e+20,289709866137.7331
3.1650000000000007e+20,356884185846.61035
3.1700000000000007e+20,426662340240.15076
3.1750000000000007e+20,415224325597.129
3.1800000000000007e+20,336150567317.3763
3.1850000000000007e+20,283221071753.9032
3.1900000000000007e+20,318135715152.0495
3.1950000000000007e+20,397572858076.56165
3.2000000000000007e+20,425801697028.21735
3.2050000000000007e+20,368975691480.58936
3.2100000000000007e+20,294662331008.36505
3.2150000000000007e+20,290468850196.0614
3.2200000000000007e+20,359751563455.7106
3.2250000000000007e+20,418549096294.9438
3.2300000000000007e+20,396277534979.2841
3.2350000000000007e+20,319434998588.0141
3.2400000000000007e+20,279063900170.9751
3.2450000000000007e+20,321891545875.3721
3.2500000000000007e+20,395302015872.4237
3.2550000000000007e+20,410925089914.0443
3.2600000000000007e+20,350008568511.30365
3.2650000000000007e+20,284938226109.962
3.2700000000000007e+20,292251708842.4223
3.2750000000000007e+20,361665685196.61346
3.2800000000000007e+20,409236243369.87866
3.2850000000000007e+20,377886688901.57367
3.2900000000000007e+20,304924714923.4231
3.2950000000000007e+20,276694731449.28046
3.3000000000000007e+20,325464580653.02893
3.3050000000000007e+20,391676272376.52014
3.3100000000000007e+20,395700152157.2526
3.3150000000000007e+20,332657656561.06885
3.3200000000000007e+20,277407229135.3464
3.3250000000000007e+20,294742785347.43036
3.3300000000000007e+20,362522154171.85876
3.3350000000000007e+20,398915323185.805
3.3400000000000007e+20,360272409963.8933
3.3450000000000007e+20,292570871249.5871
3.3500000000000007e+20,275819533152.1938
3.3550000000000007e+20,328630925747.00134
3.3600000000000007e+20,386771429789.6517
3.3650000000000007e+20,380374624138.64087
3.3700000000000007e+20,317012514039.24506
3.3750000000000007e+20,271861848460.82297
3.3800000000000007e+20,297652886288.8653
3.3850000000000007e+20,362260701912.6527
3.3900000000000007e+20,387791282178.8171
3.3950000000000007e+20,343626240384.4771
3.4000000000000007e+20,282291691701.8393
3.4050000000000007e+20,276150381650.57434
3.4100000000000007e+20,331208061906.3185
3.4150000000000007e+20,380694220576.68225
3.4200000000000007e+20,365183475092.9812
3.4250000000000007e+20,303124660832.217
3.4300000000000007e+20,268079144574.7595
3.4350000000000007e+20,300720367365.9193
3.4400000000000007e+20,360860748128.85767
3.4450000000000007e+20,376075919520.0358
3.4500000000000007e+20,328108155552.3576
3.4550000000000007e+20,273975492436.7671
3.4600000000000007e+20,277408871670.3766
3.4650000000000007e+20,333053056047.0645
3.4700000000000007e+20,373576063195.37476
3.4750000000000007e+20,350344607055.17816
3.4800000000000007e+20,291009866158.9615
3.4850000000000007e+20,265827004901.7389
3.4900000000000007e+20,303714514906.3531
3.4950000000000007e+20,358338627858.0939
3.5000000000000007e+20,363982913827.86926
3.5050000000000007e+20,313845718207.33246
3.5100000000000007e+20,267485193402.86575
3.5150000000000007e+20,279330813077.67914
3.5200000000000007e+20,334062127360.4301
3.5250000000000007e+20,365568324013.3891
3.5300000000000007e+20,336055654314.45605
3.5350000000000007e+20,280650270022.8641
3.5400000000000007e+20,264868812426.02536
3.5450000000000007e+20,306436854872.17523
3.5500000000000007e+20,354743700267.9992
3.5550000000000007e+20,351723271303.38135
3.5600000000000007e+20,300934419150.30145
3.5650000000000007e+20,262663466904.87695
3.5700000000000007e+20,281670477983.5292
3.5750000000000007e+20,334169360397.91455
3.5800000000000007e+20,356837387885.19055
3.5850000000000007e+20,322491551848.6991
3.5900000000000007e+20,271997529225.22324
3.5950000000000007e+20,264968497478.872
3.6000000000000007e+20,308721974895.6112
3.6050000000000007e+20,350153529197.11743
3.6100000000000007e+20,339499786125.8949
3.6150000000000007e+20,289436854569.00604
3.6200000000000007e+20,259336256189.2076
3.6250000000000007e+20,284202880486.1952
3.6300000000000007e+20,333343693999.67883
3.6350000000000007e+20,347558660458.06586
3.6400000000000007e+20,309801452238.1246
3.6450000000000007e+20,264975158732.2572
3.6500000000000007e+20,265894532771.6634
3.6550000000000007e+20,310437712853.4586
3.6600000000000007e+20,344669658743.8177
3.6650000000000007e+20,327503344639.1436
3.6700000000000007e+20,279384104295.9919
3.6750000000000007e+20,257317903701.92746
3.6800000000000007e+20,286726971802.5003
3.6850000000000007e+20,331586820344.09796
3.6900000000000007e+20,337912037815.6498
3.6950000000000007e+20,298107397628.96643
3.7000000000000007e+20,259482129566.24713
3.7050000000000007e+20,267424316595.17355
3.7100000000000007e+20,311485334734.0126
3.7150000000000007e+20,338413687745.8784
3.7200000000000007e+20,315909879111.0006
3.7250000000000007e+20,270777377133.7381
3.7300000000000007e+20,256415527849.34897
3.7350000000000007e+20,289067387703.74634
3.7400000000000007e+20,328930045764.13
3.7450000000000007e+20,328077553505.8257
3.7500000000000007e+20,287504059320.6533
3.7550000000000007e+20,255397278055.67932
3.7600000000000007e+20,269348244013.548
3.7650000000000007e+20,311798419128.8507
3.7700000000000007e+20,331521910501.621
3.7750000000000007e+20,304876422583.22327
3.7800000000000007e+20,263589350721.13638
3.7850000000000007e+20,256433414789.28723
3.7900000000000007e+20,291076375815.7184
3.7950000000000007e+20,325431445996.4098
3.8000000000000007e+20,318231156555.4986
3.8050000000000007e+20,278057950283.1485
3.8100000000000007e+20,252582397805.1319
3.8150000000000007e+20,271472399543.06665
3.8200000000000007e+20,311341522156.98206
3.8250000000000007e+20,324141496097.59753
3.8300000000000007e+20,294539675115.8896
3.8350000000000007e+20,257767321453.35425
3.8400000000000007e+20,257177364185.8254
3.8450000000000007e+20,292634164688.17053
3.8500000000000007e+20,321171396575.1699
3.8550000000000007e+20,308540011600.63226
3.8600000000000007e+20,269807346581.73907
3.8650000000000007e+20,250886345998.75134
3.8700000000000007e+20,273621734643.46658
3.8750000000000007e+20,310108607822.7885
3.8800000000000007e+20,316425951917.65027
3.8850000000000007e+20,285013560633.3718
3.8900000000000007e+20,253235163831.62592
3.8950000000000007e+20,258458067368.61188
3.9000000000000007e+20,293649332517.3
3.9050000000000007e+20,316249530077.0965
3.9100000000000007e+20,299160125931.27496
3.9150000000000007e+20,262764062358.18448
3.9200000000000007e+20,250149399233.26614
3.9250000000000007e+20,275642047014.7213
3.9300000000000007e+20,308120188478.814
3.9350000000000007e+20,308530560413.972
3.9400000000000007e+20,276388209311.00903
3.9450000000000007e+20,249897146836.97983
3.9500000000000007e+20,260095538722.26224
3.9550000000000007e+20,294058951279.0303
3.9600000000000007e+20,310780582722.94165
3.9650000000000007e+20,290232643716.866
3.9700000000000007e+20,256914112284.40143
3.9750000000000007e+20,250206956658.21133
3.9800000000000007e+20,277401981464.0114
3.9850000000000007e+20,305421202513.8614
3.9900000000000007e+20,300608795329.7326
3.9950000000000007e+20,268729249660.77386
4.0000000000000007e+20,247640757593.26837
4.0050000000000007e+20,261921624597.12982
4.0100000000000007e+20,293827122853.42834
4.0150000000000007e+20,304890020347.8527
4.0200000000000007e+20,281881230703.37415
4.0250000000000007e+20,252219645283.88602
4.0300000000000007e+20,250893603763.0823
4.0350000000000007e+20,278794404090.6086
4.0400000000000007e+20,302078117221.15356
4.0450000000000007e+20,292808614371.11237
4.0500000000000007e+20,262077667894.68076
4.0550000000000007e+20,246340293188.30246
4.0600000000000007e+20,263783218285.92422
4.0650000000000007e+20,292944418894.8753
4.0700000000000007e+20,298711032579.5478
4.0750000000000007e+20,274210926273.72742
4.0800000000000007e+20,248621562292.2129
4.0850000000000007e+20,252046532502.98593
4.0900000000000007e+20,279736261820.1399
4.0950000000000007e+20,298174785322.0957
4.1000000000000007e+20,285268565916.2569
4.1050000000000007e+20,256450289343.63742
4.1100000000000007e+20,245860895629.17404
4.1150000000000007e+20,265544949127.88516
4.1200000000000007e+20,291425840947.4218
4.1250000000000007e+20,292379738523.99756
4.1300000000000007e+20,267305613721.12042
4.1350000000000007e+20,246041630465.40848
4.1400000000000007e+20,253509590370.27905
4.1450000000000007e+20,280170211657.5535
4.1500000000000007e+20,293810714148.6479
4.1550000000000007e+20,278115870914.1784
4.1600000000000007e+20,251840712411.07086
4.1650000000000007e+20,246061389793.51923
4.1700000000000007e+20,267090236611.2357
4.1750000000000007e+20,289308408006.5414
4.1800000000000007e+20,286031956060.9367
4.1850000000000007e+20,261227860277.68018
4.1900000000000007e+20,244385658517.08743
4.1950000000000007e+20,255135752070.80493
4.2000000000000007e+20,280062619786.94653
4.2050000000000007e+20,289095653623.50525
4.2100000000000007e+20,271462595255.6766
4.2150000000000007e+20,248220509261.09622
4.2200000000000007e+20,246798599051.59857
4.2250000000000007e+20,268323697168.70218
4.2300000000000007e+20,286649192314.5573
4.2350000000000007e+20,279799530697.68585
4.2400000000000007e+20,256017975317.3163
4.2450000000000007e+20,243546310069.38593
4.2500000000000007e+20,256790352804.0736
4.2550000000000007e+20,279403706765.67993
4.2600000000000007e+20,284147143694.65686
4.2650000000000007e+20,265404281401.55664
4.2700000000000007e+20,245541150878.2854
4.2750000000000007e+20,247930514094.05234
4.2800000000000007e+20,269171731827.32077
4.2850000000000007e+20,283522456588.21014
4.2900000000000007e+20,273807322440.35724
4.2950000000000007e+20,251694471614.36084
4.3000000000000007e+20,243406653716.49777
4.3050000000000007e+20,258353720294.9729
4.3100000000000007e+20,278206341862.1643
4.3150000000000007e+20,279087085297.91394
4.3200000000000007e+20,260018516171.33765
4.3250000000000007e+20,243736368408.91934
4.3300000000000007e+20,249319664923.7096
4.3350000000000007e+20,269582834037.1154
4.3400000000000007e+20,280016365291.3945
4.3450000000000007e+20,268169973672.84103
4.3500000000000007e+20,248254416917.92227
4.3550000000000007e+20,243843344306.4675
4.3600000000000007e+20,259723065542.99875
4.3650000000000007e+20,276504036731.9815
4.3700000000000007e+20,274037804015.80698
4.3750000000000007e+20,255363254700.99258
4.3800000000000007e+20,242724224845.16214
4.3850000000000007e+20,250836066859.5124
4.3900000000000007e+20,269527686578.7867
4.3950000000000007e+20,276230086126.23627
4.4000000000000007e+20,262989506264.5663
4.4050000000000007e+20,245674339623.5717
4.4100000000000007e+20,244729514149.3649
4.4150000000000007e+20,260813480022.3924
4.4200000000000007e+20,274348342064.9116
4.4250000000000007e+20,269118496934.05347
4.4300000000000007e+20,251476285853.72977
4.4350000000000007e+20,242410190520.98264
4.4400000000000007e+20,252360360679.97748
4.4450000000000007e+20,268998809958.88275
4.4500000000000007e+20,272270550580.63428
4.4550000000000007e+20,258353265777.14618
4.4600000000000007e+20,243912164673.88528
4.4650000000000007e+20,245939037110.09674
4.4700000000000007e+20,261560418203.6894
4.4750000000000007e+20,271807767384.70572
4.4800000000000007e+20,264443004043.50244
4.4850000000000007e+20,248375324324.0056
4.4900000000000007e+20,242689810971.22696
4.4950000000000007e+20,253785841773.43863
4.5000000000000007e+20,268009267906.7599
4.5050000000000007e+20,268249036545.65698
4.5100000000000007e+20,254332075990.27435
4.5150000000000007e+20,242908638484.82797
4.5200000000000007e+20,247348775186.9716
4.5250000000000007e+20,261919041246.96057
4.5300000000000007e+20,268963766430.14636
4.5350000000000007e+20,260116030374.93585
4.5400000000000007e+20,246058096958.43173
4.5450000000000007e+20,243452157942.23175
4.5500000000000007e+20,255021226142.98022
4.5550000000000007e+20,266591795668.36768
4.5600000000000007e+20,264278097315.02026
4.5650000000000007e+20,250978951533.4769
4.5700000000000007e+20,242589636300.5209
4.5750000000000007e+20,248842106832.91666
4.5800000000000007e+20,261865362756.20834
4.5850000000000007e+20,265908943122.03278
4.5900000000000007e+20,256231377726.579
4.5950000000000007e+20,244503293765.1578
4.6000000000000007e+20,244582528408.03415
4.6050000000000007e+20,255991616830.01675
4.6100000000000007e+20,264796360397.06943
4.6150000000000007e+20,260468073477.9706
4.6200000000000007e+20,248328297774.80045
4.6250000000000007e+20,242868724655.7407
4.6300000000000007e+20,250311551468.78885
4.6350000000000007e+20,261395460911.72
4.6400000000000007e+20,262743295473.99707
4.6450000000000007e+20,252869137373.77872
4.6500000000000007e+20,243671604120.37357
4.6550000000000007e+20,245965902527.13644
4.6600000000000007e+20,256640377073.79483
4.6650000000000007e+20,262688526320.9343
4.6700000000000007e+20,256924221745.0119
4.6750000000000007e+20,246395425333.0612
4.6800000000000007e+20,243649702624.3449
4.6850000000000007e+20,251661326148.31082
4.6900000000000007e+20,260525083942.93582
4.6950000000000007e+20,259571516711.85254
4.7000000000000007e+20,250094117167.2294
4.7050000000000007e+20,243507308223.23517
4.7100000000000007e+20,247489885739.51608
4.7150000000000007e+20,256929974849.9002
4.7200000000000007e+20,260347323203.12186
4.7250000000000007e+20,253744394946.9307
4.7300000000000007e+20,245177129133.68533
4.7350000000000007e+20,244829676580.3487
4.7400000000000007e+20,252809402856.72693
4.7450000000000007e+20,259288234411.46762
4.7500000000000007e+20,256499702267.3968
4.7550000000000007e+20,247954510168.64893
4.7600000000000007e+20,243940451873.34998
4.7650000000000007e+20,249047736512.06995
4.7700000000000007e+20,256842043602.2753
4.7750000000000007e+20,257861799074.4977
4.7800000000000007e+20,251015482180.20413
4.7850000000000007e+20,244651461424.1333
4.7900000000000007e+20,246301793139.7724
4.7950000000000007e+20,253689636745.9456
4.8000000000000007e+20,257736200555.30002
4.8050000000000007e+20,253632674724.2822
4.8100000000000007e+20,246480899105.0469
4.8150000000000007e+20,244888729131.69736
4.8200000000000007e+20,250540741474.91782
4.8250000000000007e+20,256377305521.50177
4.8300000000000007e+20,255328699276.60614
4.8350000000000007e+20,248812029347.89993
4.8400000000000007e+20,244779542196.56677
4.8450000000000007e+20,247958618547.3466
4.8500000000000007e+20,254252914270.75537
4.8550000000000007e+20,255934933965.0041
4.8600000000000007e+20,251070269042.72186
4.8650000000000007e+20,245685423373.2531
4.8700000000000007e+20,246260334989.88913
4.8750000000000007e+20,251881542664.07138
4.8800000000000007e+20,255555860453.29285
4.8850000000000007e+20,252849811066.33453
4.8900000000000007e+20,247193954456.05063
4.8950000000000007e+20,245506134152.94577
4.9000000000000007e+20,249694417960.9967
4.9050000000000007e+20,254468015479.48953
4.9100000000000007e+20,253963387819.06805
4.9150000000000007e+20,248905421503.33368
4.9200000000000007e+20,245562368272.17987
4.9250000000000007e+20,247956691166.62302
4.9300000000000007e+20,252995733399.25757
4.9350000000000007e+20,254415384636.7141
4.9400000000000007e+20,250528433520.48364
4.9450000000000007e+20,246205215795.19232
4.9500000000000007e+20,246762212089.65646
4.9550000000000007e+20,251409041070.36212
4.9600000000000007e+20,254322781422.08243
4.9650000000000007e+20,251910983334.99927
4.9700000000000007e+20,247220977874.10785
4.9750000000000007e+20,246087771012.2124
4.9800000000000007e+20,249874800305.10278
4.9850000000000007e+20,253823716530.93607
4.9900000000000007e+20,253010070963.34995
4.9950000000000007e+20,248466655664.18277
